1118100111100111, 01110011 10111110
1118011111011018110 0011110
’ 11 1111111110 011111111001111110081
8101111111 011111,01801010101010
011111101101100100110181011,8<
1111 1111111011 11108010010101,1001
111110181101011111110111 80101100
1111001801, 01110110011011110011111
. 111 10111101 81101111 10011111 111111,
11111111 10111 011011 1111 0011101110ιο
1111111 1000810011111101111111101,81
, 11011’0111111111111011001110001111111
’ 01018,100111111810111111111180
11111110811111111110,00081100111101
, ,11111111810111111001010 10111111
81 08111 ’1101181101100110 00111
’ 11001 01111010 111111 010111,11(1
1110111 18101 110180, quod cadauer
1111101111 >1 000000111811011101,
·’ 110180, A1q3'1a111 1111 00111110 quod

01801111110111111 1110011111οο
1111111,10110111011110011111011110111
11 ‘9919 1111 1111111, 81111111 1011110101.-
00110111 111111Α8011111011111001
ge 1111110111 ,1011001101111011801
01ἦ11110111111011111111111 1011111110
‚ 1110101111011,1111101110110111101
0111110011111101111111181100 quod
·· 001111, 1111111101001111008010111.
,111 11101 1111101. 1111 10011, 1111001110
1 ’ 1110911111. 01011101111001111111011

1188101111 111801 ² 1110010001
’ῑ 111111001101111011111010100111111
00001011101111111111101,1111181
8111111811,0011110111010111100-
, ,0010111111 1111111 0111111011111111
. 11111101110111,8(0110111,81111001
’ 11011 1111011111 0111111111 1110111111
1011118,00111111011111008111010-
01111810811111 vt 1101 testam 1011101,
111111 1111110 1110811111 nequaquam
1101111011100111111110111011011100
111011,01110111,0011111018101 aut
0110110101110111000101101110101111

· 11 deberent ,
08110010100100181111 ’11011 011-

118100100180110101011811118 11
111111181,011011811001100111001,80
011181110801111101111111010111

011081110000010018810”’ ’001
110010100181010 1100111 da}
0111811188011101001100, ,11011
01111101 1011810110 81110 111111,
11101111100001110, 811111111111119
1111811000 18001111
100180001111111 0011 0111,
6800101110 8111111, & 11001111 18 8111 ’
01110118001111108111101110100

8111 0011 ’18 1101110 81110111111111111ι
0001800010101 10111001111111
0011 811101 11111111 1118. 80100110
11110 00011Α1111111111118080100
11110118110018001111 >ἕζ8100
1110000101111181011001101111011
80001018118800011 0011180111
11111,81011111011011110111111 8118
081101010001001111111111 81110111
statim cholera ,11110 ’1111111 11110111,
1101110011118οσ011001111101,8101
101100000011111110110001111001,
10011181110101011111011110
1110301 188111111111111 1181111100
11110008110001000811 ψ

01)111010010111111101,0011110111,
00111881001111181 ’11010 1111101110
11110011001111881001111,’1’01111
8101111110111111,811101181081οἑ10111 ·
10111111 111181 101 ,1100 11001111Η111οη11
00100110001111010001111011008
0811100180111000111118081
000010010111011 poscerent, 111ae·

0111001110111111011111101 1110,οε 2 ’

11110 creti 0110111100101 1011110111 2³5-

811101111’111111110111 011111 11111 pu
11110810011111011101110100111111,
000000110111011110100111111111111

010111 000000111111111111011 11111
1101 11011 putreat 0011101111 11081110
’0011100111 1811111111 01111011
1001.111010111111,0018011 0181060
11110 terno 110111 a 11011 001111 00011

001801010100111111 6001101011
-ν 10 10111

 

