’331 33331313311313311133333333
porte 331 13333333113313 Χ3333 313 xp
1313313333333331338333313313313
1333333133133 s 33333133 3313113133
at* *33113 33,13313’3313333)3 ..1331333133-
1131311333, Nam 33333111 3331, anteo
. 31331303313311331333333, 3331113311
3330333333333331133113 33311113
333333,33333ο33,31311333 cogita
33331333,333313 on:- 3111333313)
’ 33 3333313333333313 Qs ,nera 31131
3333133 13333113133331311333 (33313

3333133333 33113313333331133333
magna 33331131 13331333,<,13333131333

(1313313 31111 33331313133333133113-

33113331χ3 33331333333313331131
me 3311111 115 333333331313313333 33331

(33333331 313313 ‘id 3333333333, fg<
333333 3333313133131133331313313

ephe 3333131333311313 in, 13333313,
8333311313 33333133333131333313313
333 Q 333313 311313 33333133 Aetius
13 33133331313-331 3131111333. sexa
gQsQ 33 3331331331 ecapiteeQQ 1113
3331113 033113133133331331313133
313333333313333 3313331133319
33113331 3331333333333 1133133113
1313. 33333 3333313333 ,3,-33 ’1031331331 οε-ἶ
1-131331 pQqux-QQQQQQQ
si QQQQQ q3 QQQQQQQber 33313111 33
03133133,333331333 3333333133 αξ
· 31331331333333311333333333333
13333313 3333131333,133333ο333333
1133333333333133333311 Tristese
33331313131331133333333311333133
31333333111131333331331333333313
13 33331311 33331,3331333313333333
3313333333 333 3333333 3333333
333 331 3333 333333333333,8313313)3
3133113333 1133333331 autem 13313333
3333333 313333333333331
ἓὲ3133333113333σ3ο333 Mento
,333331 13 gQQQ Q 13131331 3113631
“ ’3313331333333333
1,)33331331313-3333

2 3333333313

febrium orientium 31311333,
3331114131 xm, 33333136313 3333 131116
3333331 33133313 3333333313 3331331
33333133333,3333111131 1 3333331333,
3133313333)131331133331331.. Co·
pxofiorem,&1rao1sconspmuquo-
quee 1133311333 13111131133 333 31313 3,
3313333133), 3131113311 1313133113
33 3333 13331311333331313333333
sam 1331133. ’33333333 m 13 3331
1)),1 3313133,3α1333313333)3333 3331
3333333333,3313 3333311333 3331331
31331331313333333 In 1113111133·
33338311131331331313 3313333133 133
(1313333331333331333113333333313
31333,31133133,33333131331 ‘acon ‘spe-
(1333333333, 3333333113 ,3313131
3111333 3311333333313 3313 31333331 o
333131431133333113311333133333ρ
3313313. 3313333333333333133313
311,333331311133 33313 31311113133333,
3113133333,3)133133333 ,8333133313
331333313313331, 3133333331331333 ’
3111131 3333331131333313311331133
3313 1331331313333 ,3333333333 11 ,,
bil 3333333133) 333313133333
3311333311333 3333333333333
31333333333313133111333333333
330333333313333131331333,133
131133331333333333311333133333313
113331,33333333333 3113113133) Ocu

. 133333333333331333 ”3313 33

3331333331 331131331313113331331)
3133333311 131 1313313331 1133131331
113313,33οε11,3333311331333 ,1333331
33311131 3331333331343333333333
3333333333 inae 3333113 ex 331
31333313313333133313333133 (11-
1333311333313 ex lQQthQQQoQQ.

(1333331303311-333331333 ,
3133333333( 13313131 3311331 111133·
33113331133333311333 33133 33331,
3133333333,33<133333,33 13133313)Υ
33133313. 33133133133131333 31333-
333313333131313133 33133331 0,qu
1331313333331333333 331, 3,,113Ξ1Μ3133

V Um

 

