61 3
dumeffe,1uberev1dcatur‚pantat
111 accessionibus duplicis 10111100
1011111,11111111111111 aut 111 amba
11111 11100111 sumenda 0110111 11110011,
001011010101111111101110100001100
1110111110011111110011001 0100001110-
111,01,0001111111101,1101111 1111111110
0011101111, 00110101 111ἶ1010001110
111’1111111”0110111,1001 1010111101 011
. 0011111811θῦ quotidie 10111111οῗ0-
111 444844484 1010011011811111111001
1001111101ωο11111101101011111, 8:
1110111111,·001000111011118001110-
01100118100.111101101110110180110
1110. aut 11 febris m4t8tinis 1111111
00111010010101111 010110010101, 11110011
1 1111110081. 0110100108101001101111
11000,1·οσ01111810010111,011 1101100
111 00111111 1011111 11111111 11 a< 1110 001,
1111111100111000010111011100110100
010100110010111110 -1οι 81001181 111011
0100100110101111081100110 1010111
0001100000100·00111011,01,0011
01100110101111,0,11001011111101,
hg41 110001111000811111,001111011101
1100011111011100010010101,1111110,101

10001801111111 11101· 1181001111 101111100οζ
1110101 1110110011, 0811110001011110

1111118100 1001011011 10110, 80 01110101- .
110111 110011111101011801010 0111110111,
1011100, 101 1110111 00801· ,11100110 VJ

110110000111100111,0000111011·,1111 ,

, 1111101101111100, 01101800111000

1111111110111111,

610

101011100100101010100111101110
01101010111181001011111,1111111·01110010
1110100110 01101010011110 01101011
10111111,110110100101000111111
81110 1011011001011011101 1101111110
1101111.1100011111111811”111 1110111101

10111 10 01011111 81110110001111111 ’

101001110010 0011110001, 888 01111-
01001800081001100101 1110100011

<5³ 0111111111 01101, 1811 ’0111119 1001111010
1008010101 ,000 18 1101. 0111101011

1110111. ,10100 ,110 ,00100010110001111
1101111Η 0111111 ,10 0011 11110110 010011

ἶ111 ’
010101000010010111101111011101111,111011,
1800001110110111100111 0118100011,
611011101110080 ,1110001011οαὲᾶ
6101100,001010110011110,111111,110
01111110 :4484 010010110110111111,
>81⁷0 ,1010111100001001111
11001111 ’,111100 10111, 10011110 ’
1101111, 1110111 11·ῐῖ
111 1010101001 11011111 1111110 01,

1013111081 11111· ””” ’”
.1

0011801110001111001101101101 5818840
Ι01111110 11111 0110001101 0011110011 111,
101111010101101111111100111,01111111110
proficua 11110000111111111111110011
00110110010001 884848844488481
84431484814 11. 001101· 0

111111 1181111 01111000

1110· 01111111 0

0111110 0118101010 0001111000111
’11111001100111110111111100 111111 11, ’
, 1001100011111101111110111111111011 11111· j, ἦ,
0111108000 11001011111110110111001 J ’ ,’

11110111· ,111100 ,110 10011 001111100111111
101111110111110011810111010 1,,1010ἶ

10001110,11001,11101ορ 0000111000
111111 1011111110 1001101, 11001111 011101. ”5
aquam coqu 000 10111 11000011,111110

111011111011081011111111011101001010 ‘

’ 10180180008111100111110ιά110100,

1110101100 10101110111111011111100· tibuss'jm

 

